1990,40.089361702127704,40.22127659574466
1991,38.07659574468082,38.00425531914892
1992,37.65744680851061,37.731914893617
1993,37.1412765957447,37.91063829787236
1994,39.4659574468085,40.80000000000001
1995,40.80876494023903,43.37848605577686
1996,40.73107569721115,41.003984063745044
1997,40.93426294820719,41.31075697211152
1998,41.061752988047814,42.69721115537849
1999,40.281853281853294,41.68339768339766
2000,41.411196911196924,41.09266409266409
2001,39.80694980694982,40.54054054054053
2002,41.51123595505616,43.65917602996253
2003,41.03558052434455,41.79026217228464
2004,41.992509363295916,43.14606741573032
2005,41.11985018726593,41.101123595505626
2006,40.73220973782776,41.51310861423222
2007,41.730337078651665,43.38576779026219
2008,42.47565543071157,44.02621722846445
2009,42.9232209737828,43.16104868913859
2010,42.90449438202248,44.31835205992507
2011,43.81460674157304,44.490636704119865
2012,44.91947565543073,45.77528089887638
2013,45.455056179775234,46.868913857677896
2014,46.11423220973784,45.26966292134831
2015,44.97159090909089,45.46590909090907
